1.5226684773315	1
1.5797494202506	2
1.6025953974046	3
1.6153353846646	4
1.6248133751866	5
1.6316193683806	6
1.6391863608136	7
1.6449373550626	8
1.6486223513776	9
1.6517383482617	10
1.6538993461007	11
1.6559993440007	12
1.6583573416427	13
1.6609783390217	14
1.6635703364297	15
1.6670183329817	16
1.6667553332447	17
1.6695743304257	18
1.6701793298207	19
1.6702793297207	20
1.6721223278777	21
1.6718243281757	22
1.6740603259397	23
1.6751363248637	24
1.6763443236557	25
1.6794083205917	26
1.6784073215927	27
1.6771933228067	28
1.6800473199527	29
1.6813863186137	30
1.6818563181437	31
1.6808983191017	32
1.6817503182497	33
1.6803423196577	34
1.6821403178597	35
1.6809593190407	36
1.6837463162537	37
1.6821563178437	38
1.6840813159187	39
1.6817913182087	40
1.6841883158117	41
1.6839513160487	42
1.6837173162827	43
1.6838473161527	44
1.6853563146437	45
1.6857413142587	46
1.6863703136297	47
1.6858263141737	48
1.6883293116707	49
1.6866333133667	50
1.6866523133477	51
1.6874963125037	52
1.6893373106627	53
1.6890133109867	54
1.6870153129847	55
1.6889983110017	56
1.6890453109547	57
1.6902393097607	58
1.6893373106627	59
1.6900233099767	60
1.6900473099527	61
1.6904473095527	62
1.6907833092167	63
1.6908673091327	64
1.6900713099287	65
1.6914703085297	66
1.6920333079667	67
1.6915763084237	68
1.6913323086677	69
1.6914893085107	70
1.6924153075847	71
1.6929933070067	72
1.6919593080407	73
1.6927043072957	74
1.6927823072177	75
1.6946103053897	76
1.6940223059777	77
1.6918233081767	78
1.6935133064867	79
1.6924033075967	80
1.6933613066387	81
1.6947753052247	82
1.6941553058447	83
1.6931743068257	84
1.6939783060217	85
1.6949653050347	86
1.6957713042287	87
1.6949893050107	88
1.6950913049087	89
1.6954933045067	90
1.6946723053277	91
1.6957793042207	92
1.6959513040487	93
1.6959073040927	94
1.6966823033177	95
1.6965593034407	96
1.6955683044317	97
1.6950373049627	98
1.6958533041467	99
1.6960423039577	100
